$ANSIBLE_VAULT;1.1;AES256
33646336633739393335326533613662386330666135323231393061323130343739323136616239
3631336562386532346531646235633034326432353364360a323530343131633835316665626262
34663462316531666633616561313761646235356461626538636436666130336539323532393731
6431376236386663360a313261616337613464366534326437333632313133663665653065643066
33626266663066653834353131356664373835636132653433393136306635366365633863666637
34323939316231383535306131363537326166323338616330386131383039626235363639656566
62623431653363376663303962633234623333626363306537656334396362666262653766376530
66376361656231313739343333343036613738623636653634393563653736333666666462656530
64643832366238616337353065653561323861616365323664366637366166613563363836363866
36323533396236323536303865613530313534656236363831346663333161663439376338306136
62376437343236626262306133356536356163356465626338653430343831343766376136323962
38323234333234306366313261303838393138616539323261646262353637386634383862323638
64353965646231353430643030643162663332366334636438306265383835633930666433616630
37633332353163643034353331353566383539336439376333313865653262616165646462383938
37646561393437333232373137396631333964626432636235373964356638353561643665666635
30376564613736336136626238346636666162393735326439363839633133376239353333396134
35663364386361366139623163363261383639646663653337616633396237323835343861386134
63626138663139643665623864333233303435396664663937356161643632383062666539613266
35373738323836666238366534303737336533623364653933303534356338333733323331646364
65626165343766363836633664383031616465653132353361626334326631396630653633303664
63623434313435393535656538376162333133346432366333323632393464613662303266303830
39616331663635373966373935616131393034353633333335376430373037333834623434633162
38326563613261313733653862326565313536306262316531326261643039346639313632316663
32343866333062626234643130623232396537346663376661646531316634626138313666343832
31653830393431616634643733363538343138356436613762633836633239396664316230336137
38636261336338663630663634663837616230333265393365326237303837353534313133653530
39626161333637636131373038323766346631626666613035383338653730666436326538366264
39643764616433353938616365316232363136366564613361663736346131643338383965333965
66356539383935663538393764663335663037636538333235343535306361336163303530653965
62383363393562646164366539653563373365353832343732653361656239343334636330333935
65623839306439366432383166613534643037346435636330636638316534343738666530323836
31373634386662323138303565653363636238306665313536366530303563376137333365643035
63626132623137353434346536393962396634623532653663303333363065393536346138333234
35653032653036636532643637313061333761663462656437343637633964626631366235303761
36396537356264616136666662393139633933343931313733633363643131616561656533616564
37633662303730633138343932393932363938646430616564343931333363383532393263386234
37383262643562323931656133373236643536373038666631666339313934633566393037336661
35323230623033346339336664643463663930363130653932376139353039323639353631313839
61653837653563323363613361363935363131663631656163393434353234643537663439303262
63363638303632366439346230613330646264613539383765633165613533333337613762336265
32333133336162383363373164366131366431353566663232303933663634353361343130353232
31656362346665326662626331353636643433313738623161316533666434386338393461356532
63326631666632333765653339376366653762613837626437316636656534343964393030626630
64336235646335626631643232383539346361636339326135643263346431633638336137373965
37656138393932353132326531376132393564303861623233343038636337383630363230363138
66616139386163336365666634636430656430333931396437643461353666383831356263333864
38613630386664353766333338396664303731656233636632313933623632653632343663373239
39663337623035346561373834343362303633633133323938323063666333323531626632653863
32326331353539313564306237353332363632316436306333613662306632636566356637343338
38353562313661333933326330346435656434633031383431643139663436653134383365323530
64663939646130383332363130383834656137353934343131613630633665363535663531636634
37353735623266613135366634653936633234313062336639356265346538623962333331646661
34353861636365663763343133333437343465343966623063653835343030363962616166653263
39323638626630313732643566386335333230376232346332306435343039336631306166663931
64376564336330613265653362393564663962383536633164376361336332326533643330653162
36633666373731643162336630313664383533646364323561666162643631356265393836656664
63313864653765633264653665366631666364333538643638616263306339636138346132653763
61623730626637393666626131346231326237393231343665306536613638346635663630363966
61663332366462396332356638343838346530343564393765303832306464343966663732356262
38333164303763373466623266326333313138383238373934666231626464343630343362316662
32613331633632346338623833333539383261306531393366663233623438336263316362333536
63393035653139336435643834356664336264366461373839633736633166366666636534343933
37336564326461356365653132313864663738643537356232666339333463373862326335643233
32343162333563303535383530353365383364613536373763353064353065653230396230316532
65323030666165653139363864396439383738613031376666333663663036663532336537396665
30326661613034656538383430333336313934633565623863353534393935356366636565663037
31643139396464333032613135393762326632623664396465313434333534396437636365333166
35373661656361666361393038653638363566383639363864643861326136326534643537656636
37316535623362613730653039663234666633346631393838363934316264663831643835303336
30613064323563303165626162326166376231373737386165326362313636343333613961343731
61316462643161323333343737313464306135653539356230613336313865313436343037336663
32653564643839653134373336623830306138656164313133346534303362613436613635386562
35663733303238333166323662353936346435303339336234396239313161643233306535333237
65636137663436343861666539656262633765643634316364313934623236653466336333336262
66356666326639663236623838636465396636303564373631653662353035303364303665646462
34316666316630633237386630623537643535336665316464623236633534316430663066303761
66643064373763643737623833663138633165633232336265616132656632303364383566346633
38306135343164633365326263663061656364623831316364326634323732336465646161326265
30613964653136616330626137316334343065333064373566343565386334636665373532666230
31663438313261636234376635323735336162623164353735393839386461653537623163343065
62303437326666633831323863396438336631373062366237316264356236623934666634313335
65303765353439633766643961323761643736323235333530363632343865666366623562343636
62393761333561306435613637663236663262643530643731353061383130396561316234666136
37346564386636336431653630393034393532363062626566313833366666396633393532636236
34633438323565643035646165363338343764613163346139623430663131663064663363366638
66613562643733383031323261613337353261333635653434383363656230366135623338646333
30373266346233353936333937356239393837333662653933396234396363613935376537343538
30376430396131316162653830313366346465623839353831633936303665383137396532646136
66386161646538343236383734306638356266656237303061373162353831616137633532396536
61393435613534613638626363383330663737333466613938326337393034393962633434373530
36336434616632333238616464653438616437366435366264353338623365616239343030643661
38666165643735643263333835323637623634656436356238373665393430303731363130666462
62623965626332626539386363636661313438333239366532333037343139343662303038623062
66363830623235373662636262336535376263666338633537386631346134363866313661383764
33643963633666326462306132653138626331343130623533363666643765343930373633633734
63623737313537323534643634356634656461336562383762333066353033303236393836646436
30643363356635626636666437376436343765663537666461623330353464623938313665626463
39343235626130353966316337616661343366383264646162323662353365353765366634346434
37626635653833313230633439613938383333323036326632303631373332306334393432386666
30363265623138383930393439386338616634663831383863653832366639316338393632353634
61623330306163336333313765373836326232313831326161623735353239353732633563643665
33346665303834653634323030326262333432373432366637326664643834303664616237653332
34393331343565363364643633663263383934633733653164356464333439346134383133663339
33363264633765383930316239356336393666663363306433656261666336303464616333373435
32356634646638383033373234343866373637386164383436346238356461353733313337613266
66616635633963386663653961373530633866653566363733313066333636396632313931653862
63336231383766373334313139363536373730326334313335336563666139373561313239386330
61626131356435366465656362306666353161653065303538343939326465646266313361363537
63346635633738656230653534363534623631316362626231373438373662646263663436373330
39626164343931383863363933393131626538663534396238613061653032386461643738636432
32313135373665373737303639356433396162346533303338303035313737656461646438613339
65653162623362396262663666663662623066613262663734373931646133353462383065336632
39656162306339333337323634653864646534653766393064353936346230343632653938653166
33653338363337656438633230633831393339343734376361323731623364633461343139346633
37633263313062646361376536613139313864376139656561633932623234353163643134663531
32313039653735353139663138383332666564336435353165313539396433633166336436333331
37613935316131306530646632386534323530386636393533663731656561303861363133353832
65346238316237353233396664333038393934613838363338663062373465353239326338653135
31313263353364666237623931366162666537383765376461643536306332626233353661616434
65626563326432616132613165653437633233363734353131306130626638323536656462333231
66623133376262313339363766366238653434366137363032653365626661633131313235353765
33363438326436643136326638316463633734616635613237653833326462343762346334353130
63653632613461326434656233376630623462613930333962633865666336396463613832663663
37643361623638666264346332343563383235303039663636623365303035343734653065336634
61663339623364653031383439646534306136383232623464353462616139356538623564356234
62326463613833363565643136623765373161353532656335343365396331626230383332333037
30376265613965326362633333396632346231383439313134356330373739333839656265623131
66623034356663353662393065343239336331383530303535326132383539666533303665646433
34396332363030303831663265366339333761383664396533646436313230643162393461643566
31353365616363316363326437626232303236393730666337386230393135383763303061613438
33396466653164646433656264643538363339373563353137343261643665353363613365633764
62656230626165633262383737616638366134623538316662323162313534316437653063643631
30313134646531383732633566613838336630303231333034333930313961336230373732383736
39633565303361323636653364656239353835326333396337366239343164373466353665383331
33613638393739313062326130323266333631616165653736366166373830373736343839643838
33386637633436326134353233343661393564313130633361396132633961393832363439373134
37343437633863636662333938346339623530316332333262393835333363326232373538656537
61336239313232333830333738363638313738383636653330623862393835366262626232306461
64373232616362373735636165636163356232636637353065356131663463653061313533653236
65366431653866663438613835636464333463666431646664393865396437626430393963393036
32363733313238333733313266643034343830373538663965316530666539643765323465666533
64336665353838623963393635343739663139616137613132623866336366373032353638323130
61303730616335666561663038306434616564623563373131643661323864353735386338643139
39336232633633643664393233326634363630393630666663646235353335323839396161646235
61666338313861656230353761393739336164616230306533363662356435653435376436313235
66613338376237316564633331383864616230336665643438353535346331643532373963326337
63663239653631636466336365373366363765636230633038616535626136336537383664316133
38326237623233616235666635336464396632326361646539343638636232363339643862393539
62313333323537613038656465313163616464353937306633303362366665393538386436373032
35363064323031663861646361663436663334303034336437383939643835363730333530363564
66633966363264623366616231376334616638613139353461303433656465353235336166663833
31646561353564623164356438353130633763376461633437656164633131633733326633356537
33623036646462346230393164313835316131343337643634643663366265386537636330366137
33353335346333386263633133643934663439383464623630313530386535316263356162616666
36323063623066383463333966383365393062303832313639353964626661336534616566646137
39656461316230616431623465323333386563383739613366336235336436643161393236396131
66306638646561376138333662316364316431616638643234653333636566636630623732643931
66303665373039313264323136396437356438383663643464326331666432353932623333353662
36366162323862336536623866303561353464396234316138393062613535653863323930316430
30373337313561306161316237633161353035343361646436316665346434643438373837373738
30316531396638306665333665333637303535396239653465623461323564626237616135323238
39366130626166366338326264373231653466373039303466653536646165363534356333363934
32353061616232656532383934386232356462303332646631396139626333356337306265643863
36343564386337333064663336306439626535386531613033623965313431343938333864623332
31636335656138303666653730646335323934646666643537613465666238333061363834346230
30393130343162313763623130656165653961316439303230633931346432346633646266386165
31303365313331333466366461313737656638333639653230396433386561633937646362383930
61643766386438313931353366353763373432343563336434343632666232333132383039323362
61363634363161363331343632643938633164343664383464656336636238323434363263646130
62653735386331313762313138396439666364653661666136356461663432313762303536613566
37333730646435353865633762643436656234316439356131343434653264613635346136313833
35646538666631333464623830343532636261366265303966333461303262306436616566656439
38666231613931313162353431353761353435366436666463303533623732356633633837636638
66343938616162623634653834613438383537353838616563656663333539313666623932363333
30663863643837373231613563363634363537393232613366393932663432396238326561363865
39343433343937316433613365326532393933323663366233646666366533643866353061373862
64623862353934383333383133393039336466666632373333333432303138363935336635646336
61626264663035393963373439663032646463646239303330306635326565326163393439333465
39616130396433656231363135376166386261393363393933633230633233316534663361373136
61613963306664636264306437383730356232356232666662313034663933393865386333393862
32323034633534316631623437303436313065303031313761633930396566333231386331356534
66386636366636663937313133366165623563613934336534366336643537393061353462356165
31353834663738353233666635386265343339663566633636643462663334356437666666646638
66663639346663623438373438376636326161303464316139643237663736333763333330643130
38373236643239636437316262643061303136326431386638663831656533323562323663626438
36333931356636653436333266633836323636383661303963303134363635356334616166363061
34316161383531393334393964333837306565343664363630343933353536373863356566626162
33303831363161303635346631333637343961396639643863656561366263316638333339323533
34623438653738376231623033663361316466386230306466623163306430636630353762356162
36376236313065623964353737353637353735653135646533623537393732343866373131303534
34643835313463346136326232333161313530353432306466373533616633646431313838653565
38353162653832666665376662353736376639663564613636363339633633316138303235396662
39376134393664633636636132353036623063383339346537633435346233373233396538626533
61303166666636393936616164386236643064306634306365313535663138633239316437643933
62313130366137663762323764363531656563326331383365303531343934336464363936373364
33346664646231353261346134666338346531386266623364656364633064643862316365313165
38643033326438633939366462376561636133666539356432396262633862363362653931643464
39626561616566643964636262373366346662313833306530393432313433663435653234343062
66396138613465623362316633646438356436366432343532393030313734306462666435333336
63323334616461623766646231646666666465653065303964346563613739316437333136643032
35383331633739363333303535626137633966613636616165653232613231623237356631613133
35373161366232666134383433666466616334613261373637363133386564393666656433393139
39623938646632373961616662313163623936623331363433663030636661306533303765313361
39343361653664653930643866333234653136656161656663666264653332353434663035386138
62373339343338326239643264323164616237626331343463623838643064623036613831303436
34383664373335313365653166343862393339623865316161326338303264343533636566356533
62326663333236386231653465613866353162613264616439346135306363623163643261383534
65356362633263613230386634663335326638613363616631383437623733313032383439653564
35343566646133313230663933396531396537636639326532356132366439396362306363343565
37303535623866626636386634613962623737323464323136333438316438303762353339633962
656633643164656661383036313636323334
